[000000011] + [111000000, 000110010, 000001000, 000000110, 000000001, 010000000]
function = "111e111e111eeee0111e111e111eeee0111e111e111eeee0111e111e111eeee0111e111e111eeee0111e111e111eeee0111e111e111eeee0111e111e111eeee0";

4576457654675467ba89ba89ab98ab98454540bf545451aeba45bfbfab54aeae4576457654675467ba89ba89ab98ab98bababf40abaaae5045ba404055ab5051
001100100
111100111
010011000
010001010
110000000
000001010
010010101
000000001
000000111
000100011
001100100
011001000
000000011
001000000
110101111

 
 82 + [498, 10, 4, 1, 32]
 001010010
 
 000000001 
 000000100 
 000001010 
 000100000
 111110010 

111110010 
000100000
000001010 
000000100 
000000001 




10011010100010001001110010001000 2592644232


01100011001000100110101000100010 1663199778

01000100010101100100010011000110 1146504390


[001010000] + [
111010100, 000100100, 000001100, 000000010, 000000001]

f is affine on 80 + [468, 36, 12, 2, 1]



00010101100001101110100100001000


152

[0] = {java.lang.Long@784}"422"
[1] = {java.lang.Long@789}"98"
[2] = {java.lang.Long@790}"22"
[3] = {java.lang.Long@791}"14"
[4] = {java.lang.Long@792}"1"