                                    0, 1
                                    1, 2
                                    2, 4
                                    3, 8
                                    4, 16
                                    5, 32
                                    6, 64
                                   7, 128
                                   8, 256
                                   9, 512
                                   10, 343
                                   11, 686
                                   12, 11
                                   13, 22
                                   14, 44
                                   15, 88
                                   16, 176
                                   17, 352
                                   18, 704
                                   19, 215
                                   20, 430
                                   21, 860
                                  22, 1007
                                   23, 649
                                   24, 69
                                   25, 138
                                   26, 276
                                   27, 552
                                   28, 263
                                   29, 526
                                   30, 331
                                   31, 662
                                   32, 123
                                   33, 246
                                   34, 492
                                   35, 984
                                   36, 743
                                   37, 153
                                   38, 306
                                   39, 612
                                   40, 415
                                   41, 830
                                   42, 811
                                   43, 769
                                   44, 853
                                  45, 1021
                                   46, 685
                                   47, 13
                                   48, 26
                                   49, 52
                                   50, 104
                                   51, 208
                                   52, 416
                                   53, 832
                                   54, 983
                                   55, 761
                                   56, 165
                                   57, 330
                                   58, 660
                                   59, 127
                                   60, 254
                                   61, 508
                                  62, 1016
                                   63, 679
                                   64, 25
                                   65, 50
                                   66, 100
                                   67, 200
                                   68, 400
                                   69, 800
                                   70, 791
                                   71, 889
                                   72, 933
                                   73, 541
                                   74, 365
                                   75, 730
                                   76, 227
                                   77, 454
                                   78, 908
                                   79, 591
                                   80, 457
                                   81, 914
                                   82, 627
                                   83, 433
                                   84, 866
                                   85, 915
                                   86, 625
                                   87, 437
                                   88, 874
                                   89, 899
                                   90, 593
                                   91, 501
                                  92, 1002
                                   93, 643
                                   94, 81
                                   95, 162
                                   96, 324
                                   97, 648
                                   98, 71
                                   99, 142
                                  100, 284
                                  101, 568
                                  102, 295
                                  103, 590
                                  104, 459
                                  105, 918
                                  106, 635
                                  107, 417
                                  108, 834
                                  109, 979
                                  110, 753
                                  111, 181
                                  112, 362
                                  113, 724
                                  114, 255
                                  115, 510
                                  116, 1020
                                  117, 687
                                   118, 9
                                   119, 18
                                   120, 36
                                   121, 72
                                  122, 144
                                  123, 288
                                  124, 576
                                  125, 471
                                  126, 942
                                  127, 523
                                  128, 321
                                  129, 642
                                   130, 83
                                  131, 166
                                  132, 332
                                  133, 664
                                  134, 103
                                  135, 206
                                  136, 412
                                  137, 824
                                  138, 807
                                  139, 793
                                  140, 869
                                  141, 925
                                  142, 621
                                  143, 397
                                  144, 794
                                  145, 867
                                  146, 913
                                  147, 629
                                  148, 445
                                  149, 890
                                  150, 931
                                  151, 529
                                  152, 373
                                  153, 746
                                  154, 131
                                  155, 262
                                  156, 524
                                  157, 335
                                  158, 670
                                  159, 107
                                  160, 214
                                  161, 428
                                  162, 856
                                  163, 999
                                  164, 665
                                  165, 101
                                  166, 202
                                  167, 404
                                  168, 808
                                  169, 775
                                  170, 857
                                  171, 997
                                  172, 669
                                  173, 109
                                  174, 218
                                  175, 436
                                  176, 872
                                  177, 903
                                  178, 601
                                  179, 485
                                  180, 970
                                  181, 707
                                  182, 209
                                  183, 418
                                  184, 836
                                  185, 991
                                  186, 745
                                  187, 133
                                  188, 266
                                  189, 532
                                  190, 383
                                  191, 766
                                  192, 171
                                  193, 342
                                  194, 684
                                   195, 15
                                   196, 30
                                   197, 60
                                  198, 120
                                  199, 240
                                  200, 480
                                  201, 960
                                  202, 727
                                  203, 249
                                  204, 498
                                  205, 996
                                  206, 671
                                  207, 105
                                  208, 210
                                  209, 420
                                  210, 840
                                  211, 967
                                  212, 729
                                  213, 229
                                  214, 458
                                  215, 916
                                  216, 639
                                  217, 425
                                  218, 850
                                  219, 1011
                                  220, 689
                                   221, 53
                                  222, 106
                                  223, 212
                                  224, 424
                                  225, 848
                                  226, 1015
                                  227, 697
                                   228, 37
                                   229, 74
                                  230, 148
                                  231, 296
                                  232, 592
                                  233, 503
                                  234, 1006
                                  235, 651
                                   236, 65
                                  237, 130
                                  238, 260
                                  239, 520
                                  240, 327
                                  241, 654
                                   242, 75
                                  243, 150
                                  244, 300
                                  245, 600
                                  246, 487
                                  247, 974
                                  248, 715
                                  249, 193
                                  250, 386
                                  251, 772
                                  252, 863
                                  253, 1001
                                  254, 645
                                   255, 93
                                  256, 186
                                  257, 372
                                  258, 744
                                  259, 135
                                  260, 270
                                  261, 540
                                  262, 367
                                  263, 734
                                  264, 235
                                  265, 470
                                  266, 940
                                  267, 527
                                  268, 329
                                  269, 658
                                  270, 115
                                  271, 230
                                  272, 460
                                  273, 920
                                  274, 615
                                  275, 409
                                  276, 818
                                  277, 819
                                  278, 817
                                  279, 821
                                  280, 829
                                  281, 813
                                  282, 781
                                  283, 845
                                  284, 973
                                  285, 717
                                  286, 205
                                  287, 410
                                  288, 820
                                  289, 831
                                  290, 809
                                  291, 773
                                  292, 861
                                  293, 1005
                                  294, 653
                                   295, 77
                                  296, 154
                                  297, 308
                                  298, 616
                                  299, 391
                                  300, 782
                                  301, 843
                                  302, 961
                                  303, 725
                                  304, 253
                                  305, 506
                                  306, 1012
                                  307, 703
                                   308, 41
                                   309, 82
                                  310, 164
                                  311, 328
                                  312, 656
                                  313, 119
                                  314, 238
                                  315, 476
                                  316, 952
                                  317, 551
                                  318, 281
                                  319, 562
                                  320, 307
                                  321, 614
                                  322, 411
                                  323, 822
                                  324, 827
                                  325, 801
                                  326, 789
                                  327, 893
                                  328, 941
                                  329, 525
                                  330, 333
                                  331, 666
                                   332, 99
                                  333, 198
                                  334, 396
                                  335, 792
                                  336, 871
                                  337, 921
                                  338, 613
                                  339, 413
                                  340, 826
                                  341, 803
                                  342, 785
                                  343, 885
                                  344, 957
                                  345, 557
                                  346, 269
                                  347, 538
                                  348, 355
                                  349, 710
                                  350, 219
                                  351, 438
                                  352, 876
                                  353, 911
                                  354, 585
                                  355, 453
                                  356, 906
                                  357, 579
                                  358, 465
                                  359, 930
                                  360, 531
                                  361, 369
                                  362, 738
                                  363, 147
                                  364, 294
                                  365, 588
                                  366, 463
                                  367, 926
                                  368, 619
                                  369, 385
                                  370, 770
                                  371, 851
                                  372, 1009
                                  373, 693
                                   374, 61
                                  375, 122
                                  376, 244
                                  377, 488
                                  378, 976
                                  379, 759
                                  380, 185
                                  381, 370
                                  382, 740
                                  383, 159
                                  384, 318
                                  385, 636
                                  386, 431
                                  387, 862
                                  388, 1003
                                  389, 641
                                   390, 85
                                  391, 170
                                  392, 340
                                  393, 680
                                   394, 7
                                   395, 14
                                   396, 28
                                   397, 56
                                  398, 112
                                  399, 224
                                  400, 448
                                  401, 896
                                  402, 599
                                  403, 505
                                  404, 1010
                                  405, 691
                                   406, 49
                                   407, 98
                                  408, 196
                                  409, 392
                                  410, 784
                                  411, 887
                                  412, 953
                                  413, 549
                                  414, 285
                                  415, 570
                                  416, 291
                                  417, 582
                                  418, 475
                                  419, 950
                                  420, 571
                                  421, 289
                                  422, 578
                                  423, 467
                                  424, 934
                                  425, 539
                                  426, 353
                                  427, 706
                                  428, 211
                                  429, 422
                                  430, 844
                                  431, 975
                                  432, 713
                                  433, 197
                                  434, 394
                                  435, 788
                                  436, 895
                                  437, 937
                                  438, 517
                                  439, 349
                                  440, 698
                                   441, 35
                                   442, 70
                                  443, 140
                                  444, 280
                                  445, 560
                                  446, 311
                                  447, 622
                                  448, 395
                                  449, 790
                                  450, 891
                                  451, 929
                                  452, 533
                                  453, 381
                                  454, 762
                                  455, 163
                                  456, 326
                                  457, 652
                                   458, 79
                                  459, 158
                                  460, 316
                                  461, 632
                                  462, 423
                                  463, 846
                                  464, 971
                                  465, 705
                                  466, 213
                                  467, 426
                                  468, 852
                                  469, 1023
                                  470, 681
                                   471, 5
                                   472, 10
                                   473, 20
                                   474, 40
                                   475, 80
                                  476, 160
                                  477, 320
                                  478, 640
                                   479, 87
                                  480, 174
                                  481, 348
                                  482, 696
                                   483, 39
                                   484, 78
                                  485, 156
                                  486, 312
                                  487, 624
                                  488, 439
                                  489, 878
                                  490, 907
                                  491, 577
                                  492, 469
                                  493, 938
                                  494, 515
                                  495, 337
                                  496, 674
                                   497, 19
                                   498, 38
                                   499, 76
                                  500, 152
                                  501, 304
                                  502, 608
                                  503, 407
                                  504, 814
                                  505, 779
                                  506, 833
                                  507, 981
                                  508, 765
                                  509, 173
                                  510, 346
                                  511, 692
                                   512, 63
                                  513, 126
                                  514, 252
                                  515, 504
                                  516, 1008
                                  517, 695
                                   518, 57
                                  519, 114
                                  520, 228
                                  521, 456
                                  522, 912
                                  523, 631
                                  524, 441
                                  525, 882
                                  526, 947
                                  527, 561
                                  528, 309
                                  529, 618
                                  530, 387
                                  531, 774
                                  532, 859
                                  533, 993
                                  534, 661
                                  535, 125
                                  536, 250
                                  537, 500
                                  538, 1000
                                  539, 647
                                   540, 89
                                  541, 178
                                  542, 356
                                  543, 712
                                  544, 199
                                  545, 398
                                  546, 796
                                  547, 879
                                  548, 905
                                  549, 581
                                  550, 477
                                  551, 954
                                  552, 547
                                  553, 273
                                  554, 546
                                  555, 275
                                  556, 550
                                  557, 283
                                  558, 566
                                  559, 315
                                  560, 630
                                  561, 443
                                  562, 886
                                  563, 955
                                  564, 545
                                  565, 277
                                  566, 554
                                  567, 259
                                  568, 518
                                  569, 347
                                  570, 694
                                   571, 59
                                  572, 118
                                  573, 236
                                  574, 472
                                  575, 944
                                  576, 567
                                  577, 313
                                  578, 626
                                  579, 435
                                  580, 870
                                  581, 923
                                  582, 609
                                  583, 405
                                  584, 810
                                  585, 771
                                  586, 849
                                  587, 1013
                                  588, 701
                                   589, 45
                                   590, 90
                                  591, 180
                                  592, 360
                                  593, 720
                                  594, 247
                                  595, 494
                                  596, 988
                                  597, 751
                                  598, 137
                                  599, 274
                                  600, 548
                                  601, 287
                                  602, 574
                                  603, 299
                                  604, 598
                                  605, 507
                                  606, 1014
                                  607, 699
                                   608, 33
                                   609, 66
                                  610, 132
                                  611, 264
                                  612, 528
                                  613, 375
                                  614, 750
                                  615, 139
                                  616, 278
                                  617, 556
                                  618, 271
                                  619, 542
                                  620, 363
                                  621, 726
                                  622, 251
                                  623, 502
                                  624, 1004
                                  625, 655
                                   626, 73
                                  627, 146
                                  628, 292
                                  629, 584
                                  630, 455
                                  631, 910
                                  632, 587
                                  633, 449
                                  634, 898
                                  635, 595
                                  636, 497
                                  637, 994
                                  638, 659
                                  639, 113
                                  640, 226
                                  641, 452
                                  642, 904
                                  643, 583
                                  644, 473
                                  645, 946
                                  646, 563
                                  647, 305
                                  648, 610
                                  649, 403
                                  650, 806
                                  651, 795
                                  652, 865
                                  653, 917
                                  654, 637
                                  655, 429
                                  656, 858
                                  657, 995
                                  658, 657
                                  659, 117
                                  660, 234
                                  661, 468
                                  662, 936
                                  663, 519
                                  664, 345
                                  665, 690
                                   666, 51
                                  667, 102
                                  668, 204
                                  669, 408
                                  670, 816
                                  671, 823
                                  672, 825
                                  673, 805
                                  674, 797
                                  675, 877
                                  676, 909
                                  677, 589
                                  678, 461
                                  679, 922
                                  680, 611
                                  681, 401
                                  682, 802
                                  683, 787
                                  684, 881
                                  685, 949
                                  686, 573
                                  687, 301
                                  688, 602
                                  689, 483
                                  690, 966
                                  691, 731
                                  692, 225
                                  693, 450
                                  694, 900
                                  695, 607
                                  696, 489
                                  697, 978
                                  698, 755
                                  699, 177
                                  700, 354
                                  701, 708
                                  702, 223
                                  703, 446
                                  704, 892
                                  705, 943
                                  706, 521
                                  707, 325
                                  708, 650
                                   709, 67
                                  710, 134
                                  711, 268
                                  712, 536
                                  713, 359
                                  714, 718
                                  715, 203
                                  716, 406
                                  717, 812
                                  718, 783
                                  719, 841
                                  720, 965
                                  721, 733
                                  722, 237
                                  723, 474
                                  724, 948
                                  725, 575
                                  726, 297
                                  727, 594
                                  728, 499
                                  729, 998
                                  730, 667
                                   731, 97
                                  732, 194
                                  733, 388
                                  734, 776
                                  735, 839
                                  736, 985
                                  737, 741
                                  738, 157
                                  739, 314
                                  740, 628
                                  741, 447
                                  742, 894
                                  743, 939
                                  744, 513
                                  745, 341
                                  746, 682
                                   747, 3
                                   748, 6
                                   749, 12
                                   750, 24
                                   751, 48
                                   752, 96
                                  753, 192
                                  754, 384
                                  755, 768
                                  756, 855
                                  757, 1017
                                  758, 677
                                   759, 29
                                   760, 58
                                  761, 116
                                  762, 232
                                  763, 464
                                  764, 928
                                  765, 535
                                  766, 377
                                  767, 754
                                  768, 179
                                  769, 358
                                  770, 716
                                  771, 207
                                  772, 414
                                  773, 828
                                  774, 815
                                  775, 777
                                  776, 837
                                  777, 989
                                  778, 749
                                  779, 141
                                  780, 282
                                  781, 564
                                  782, 319
                                  783, 638
                                  784, 427
                                  785, 854
                                  786, 1019
                                  787, 673
                                   788, 21
                                   789, 42
                                   790, 84
                                  791, 168
                                  792, 336
                                  793, 672
                                   794, 23
                                   795, 46
                                   796, 92
                                  797, 184
                                  798, 368
                                  799, 736
                                  800, 151
                                  801, 302
                                  802, 604
                                  803, 495
                                  804, 990
                                  805, 747
                                  806, 129
                                  807, 258
                                  808, 516
                                  809, 351
                                  810, 702
                                   811, 43
                                   812, 86
                                  813, 172
                                  814, 344
                                  815, 688
                                   816, 55
                                  817, 110
                                  818, 220
                                  819, 440
                                  820, 880
                                  821, 951
                                  822, 569
                                  823, 293
                                  824, 586
                                  825, 451
                                  826, 902
                                  827, 603
                                  828, 481
                                  829, 962
                                  830, 723
                                  831, 241
                                  832, 482
                                  833, 964
                                  834, 735
                                  835, 233
                                  836, 466
                                  837, 932
                                  838, 543
                                  839, 361
                                  840, 722
                                  841, 243
                                  842, 486
                                  843, 972
                                  844, 719
                                  845, 201
                                  846, 402
                                  847, 804
                                  848, 799
                                  849, 873
                                  850, 901
                                  851, 605
                                  852, 493
                                  853, 986
                                  854, 739
                                  855, 145
                                  856, 290
                                  857, 580
                                  858, 479
                                  859, 958
                                  860, 555
                                  861, 257
                                  862, 514
                                  863, 339
                                  864, 678
                                   865, 27
                                   866, 54
                                  867, 108
                                  868, 216
                                  869, 432
                                  870, 864
                                  871, 919
                                  872, 633
                                  873, 421
                                  874, 842
                                  875, 963
                                  876, 721
                                  877, 245
                                  878, 490
                                  879, 980
                                  880, 767
                                  881, 169
                                  882, 338
                                  883, 676
                                   884, 31
                                   885, 62
                                  886, 124
                                  887, 248
                                  888, 496
                                  889, 992
                                  890, 663
                                  891, 121
                                  892, 242
                                  893, 484
                                  894, 968
                                  895, 711
                                  896, 217
                                  897, 434
                                  898, 868
                                  899, 927
                                  900, 617
                                  901, 389
                                  902, 778
                                  903, 835
                                  904, 977
                                  905, 757
                                  906, 189
                                  907, 378
                                  908, 756
                                  909, 191
                                  910, 382
                                  911, 764
                                  912, 175
                                  913, 350
                                  914, 700
                                   915, 47
                                   916, 94
                                  917, 188
                                  918, 376
                                  919, 752
                                  920, 183
                                  921, 366
                                  922, 732
                                  923, 239
                                  924, 478
                                  925, 956
                                  926, 559
                                  927, 265
                                  928, 530
                                  929, 371
                                  930, 742
                                  931, 155
                                  932, 310
                                  933, 620
                                  934, 399
                                  935, 798
                                  936, 875
                                  937, 897
                                  938, 597
                                  939, 509
                                  940, 1018
                                  941, 675
                                   942, 17
                                   943, 34
                                   944, 68
                                  945, 136
                                  946, 272
                                  947, 544
                                  948, 279
                                  949, 558
                                  950, 267
                                  951, 534
                                  952, 379
                                  953, 758
                                  954, 187
                                  955, 374
                                  956, 748
                                  957, 143
                                  958, 286
                                  959, 572
                                  960, 303
                                  961, 606
                                  962, 491
                                  963, 982
                                  964, 763
                                  965, 161
                                  966, 322
                                  967, 644
                                   968, 95
                                  969, 190
                                  970, 380
                                  971, 760
                                  972, 167
                                  973, 334
                                  974, 668
                                  975, 111
                                  976, 222
                                  977, 444
                                  978, 888
                                  979, 935
                                  980, 537
                                  981, 357
                                  982, 714
                                  983, 195
                                  984, 390
                                  985, 780
                                  986, 847
                                  987, 969
                                  988, 709
                                  989, 221
                                  990, 442
                                  991, 884
                                  992, 959
                                  993, 553
                                  994, 261
                                  995, 522
                                  996, 323
                                  997, 646
                                   998, 91
                                  999, 182
                                  1000, 364
                                  1001, 728
                                  1002, 231
                                  1003, 462
                                  1004, 924
                                  1005, 623
                                  1006, 393
                                  1007, 786
                                  1008, 883
                                  1009, 945
                                  1010, 565
                                  1011, 317
                                  1012, 634
                                  1013, 419
                                  1014, 838
                                  1015, 987
                                  1016, 737
                                  1017, 149
                                  1018, 298
                                  1019, 596
                                  1020, 511
                                 1021, 1022
                                  1022, 683
                                   1023, 1
                                   1024, 2
